1.150938232421875000e+03 8.081733398437500000e+02 9.633323669433593750e+01 3.359686584472656250e+02 4.881908893585205078e+00
1.140990844726562500e+03 8.151889648437500000e+02 1.001250686645507812e+02 3.159575500488281250e+02 1.847272515296936035e-01
1.147048950195312500e+03 8.093796997070312500e+02 9.110674285888671875e+01 3.360022583007812500e+02 2.100308418273925781e+00
1.148985961914062500e+03 8.178459472656250000e+02 1.085694046020507812e+02 3.359322509765625000e+02 1.006949615478515625e+01
1.143708251953125000e+03 8.520988159179687500e+02 9.081408691406250000e+01 3.678132019042968750e+02 5.986189842224121094e+00
1.142480346679687500e+03 8.402189941406250000e+02 8.828130340576171875e+01 3.632802429199218750e+02 3.417474985122680664e+00
1.135179931640625000e+03 8.394909057617187500e+02 1.104717712402343750e+02 3.341912231445312500e+02 6.290899753570556641e+00
1.140858886718750000e+03 8.306782836914062500e+02 1.027273178100585938e+02 3.043084411621093750e+02 5.384181022644042969e+00
1.141558227539062500e+03 8.107814331054687500e+02 1.038387985229492188e+02 3.188601684570312500e+02 5.132974624633789062e+00
1.134460083007812500e+03 8.849660644531250000e+02 1.004618148803710938e+02 2.844275512695312500e+02 1.702508163452148438e+01
1.145316040039062500e+03 8.162780761718750000e+02 8.351811218261718750e+01 3.511144409179687500e+02 1.795049591064453125e+02
1.146722534179687500e+03 8.191151123046875000e+02 9.594671630859375000e+01 3.149316101074218750e+02 3.541188716888427734e+00
1.154297119140625000e+03 7.951405639648437500e+02 8.006108093261718750e+01 3.490471191406250000e+02 3.254335880279541016e+00
1.139079345703125000e+03 8.000510253906250000e+02 8.330493927001953125e+01 3.139145507812500000e+02 7.781680583953857422e+00
1.144917602539062500e+03 8.073055419921875000e+02 9.772142028808593750e+01 3.259932861328125000e+02 1.781765289306640625e+02
1.139237792968750000e+03 8.142594604492187500e+02 9.855228424072265625e+01 3.297261657714843750e+02 2.356533050537109375e+00
1.149430664062500000e+03 8.095968017578125000e+02 9.429127502441406250e+01 3.266263427734375000e+02 5.318167209625244141e+00
1.145064086914062500e+03 8.195170898437500000e+02 9.129378509521484375e+01 3.134078063964843750e+02 2.274111986160278320e+00
1.155195068359375000e+03 8.048914184570312500e+02 1.019819869995117188e+02 3.455427246093750000e+02 4.044489860534667969e+00
1.157785156250000000e+03 8.151121826171875000e+02 1.074587173461914062e+02 3.153157348632812500e+02 9.429159164428710938e+00
1.147072753906250000e+03 8.131928710937500000e+02 8.545838928222656250e+01 3.758409118652343750e+02 2.174877643585205078e+00
1.145276000976562500e+03 8.153740844726562500e+02 8.172392272949218750e+01 3.455724487304687500e+02 4.143697261810302734e+00
1.144338012695312500e+03 8.145762329101562500e+02 9.030009460449218750e+01 3.139443664550781250e+02 1.665279507637023926e+00
1.147154785156250000e+03 8.108202514648437500e+02 9.665090942382812500e+01 3.121425476074218750e+02 2.236619591712951660e-01
1.146690429687500000e+03 8.163357543945312500e+02 9.456757354736328125e+01 2.984856262207031250e+02 2.918306350708007812e+00
1.138142578125000000e+03 8.312703247070312500e+02 8.870995330810546875e+01 3.824340515136718750e+02 8.026442527770996094e+00
1.145616943359375000e+03 8.433927612304687500e+02 9.221258544921875000e+01 3.954266052246093750e+02 4.545042991638183594e+00
1.149820312500000000e+03 8.042312011718750000e+02 9.236032104492187500e+01 3.250567321777343750e+02 5.422562122344970703e+00
1.143340698242187500e+03 8.136035766601562500e+02 9.013381958007812500e+01 2.862080078125000000e+02 1.776807708740234375e+02
1.145951049804687500e+03 8.135694580078125000e+02 8.315344238281250000e+01 3.247664184570312500e+02 3.758552312850952148e+00
1.141380004882812500e+03 8.126562500000000000e+02 1.039145736694335938e+02 3.274455871582031250e+02 2.158360242843627930e+00
1.137702636718750000e+03 8.092534790039062500e+02 9.316276550292968750e+01 3.020366516113281250e+02 1.056081008911132812e+01
1.145525512695312500e+03 8.153489990234375000e+02 9.385178375244140625e+01 3.206277465820312500e+02 2.446740388870239258e+00
1.144004272460937500e+03 8.023220214843750000e+02 8.800382995605468750e+01 2.999741516113281250e+02 6.790145874023437500e+00
1.148470825195312500e+03 8.142470703125000000e+02 9.877702331542968750e+01 3.068855285644531250e+02 5.162031650543212891e+00
1.143291625976562500e+03 8.215222167968750000e+02 9.068819427490234375e+01 3.455284729003906250e+02 7.963410854339599609e+00
1.141428466796875000e+03 8.153869628906250000e+02 9.623000335693359375e+01 3.205513610839843750e+02 1.167450904846191406e+00
1.143885986328125000e+03 8.230648803710937500e+02 9.625186920166015625e+01 3.298528747558593750e+02 2.963033914566040039e+00
1.143518066406250000e+03 8.228374023437500000e+02 8.788988494873046875e+01 2.693852844238281250e+02 1.777112426757812500e+02
1.136973510742187500e+03 8.362232666015625000e+02 8.013573455810546875e+01 3.756419677734375000e+02 3.849476337432861328e+00
1.150577880859375000e+03 8.015745849609375000e+02 8.190982818603515625e+01 3.615138244628906250e+02 1.130441665649414062e+00
1.144601318359375000e+03 8.060931396484375000e+02 1.150341033935546875e+02 3.157954711914062500e+02 7.381935119628906250e+00
1.139801269531250000e+03 8.261864624023437500e+02 9.588881683349609375e+01 3.044329528808593750e+02 1.771217803955078125e+02
1.132274169921875000e+03 7.984149780273437500e+02 1.086082458496093750e+02 2.982189941406250000e+02 1.981244468688964844e+01
1.141484619140625000e+03 8.576239624023437500e+02 9.167884063720703125e+01 3.841491699218750000e+02 4.977150440216064453e+00
1.153353271484375000e+03 8.079579467773437500e+02 1.060869522094726562e+02 3.062287902832031250e+02 5.001754760742187500e+00
1.134039672851562500e+03 8.095142211914062500e+02 1.062563705444335938e+02 2.686546936035156250e+02 1.034218788146972656e+01
1.129307617187500000e+03 8.019848632812500000e+02 1.120455322265625000e+02 3.282370605468750000e+02 1.042164516448974609e+01
1.150686157226562500e+03 7.983074951171875000e+02 9.820852661132812500e+01 3.587874450683593750e+02 5.836250782012939453e+00
1.138530273437500000e+03 8.271033325195312500e+02 1.057515258789062500e+02 3.311891479492187500e+02 8.716146469116210938e+00
1.146032592773437500e+03 7.931184082031250000e+02 9.043743896484375000e+01 2.557413330078125000e+02 5.038645744323730469e+00
1.153551757812500000e+03 8.040079956054687500e+02 9.980030059814453125e+01 3.555321655273437500e+02 7.494556903839111328e+00
1.136510986328125000e+03 8.040694580078125000e+02 1.109587936401367188e+02 3.185283203125000000e+02 1.311150646209716797e+01
1.148266723632812500e+03 8.234323730468750000e+02 8.653958892822265625e+01 3.531542358398437500e+02 4.167906284332275391e+00
1.145299316406250000e+03 8.223822631835937500e+02 9.261920166015625000e+01 3.229385070800781250e+02 4.267820835113525391e+00
1.147093505859375000e+03 8.154941406250000000e+02 9.086777496337890625e+01 3.096894531250000000e+02 2.425823211669921875e+00
1.146907226562500000e+03 8.078485717773437500e+02 8.949476623535156250e+01 3.312206726074218750e+02 1.977291226387023926e+00
1.146716918945312500e+03 8.120502929687500000e+02 8.775564575195312500e+01 3.181041564941406250e+02 2.578097343444824219e+00
1.142588623046875000e+03 8.189531860351562500e+02 1.120135726928710938e+02 3.059436035156250000e+02 6.616294860839843750e+00
1.140244384765625000e+03 8.214075927734375000e+02 1.069888381958007812e+02 3.441947326660156250e+02 8.789105415344238281e+00
1.150274780273437500e+03 8.071289672851562500e+02 9.905801391601562500e+01 3.498273315429687500e+02 7.989500999450683594e+00
1.146069213867187500e+03 8.173942871093750000e+02 8.623685455322265625e+01 3.552695007324218750e+02 4.091359138488769531e+00
1.151123657226562500e+03 7.962915039062500000e+02 8.449438476562500000e+01 3.132192993164062500e+02 1.797973022460937500e+02
1.141267700195312500e+03 8.220297851562500000e+02 1.019003219604492188e+02 3.158894958496093750e+02 2.124886035919189453e+00
1.133534667968750000e+03 8.360408325195312500e+02 8.933139038085937500e+01 3.911448059082031250e+02 1.092963600158691406e+01
1.148327880859375000e+03 8.144586181640625000e+02 8.070311737060546875e+01 3.088125915527343750e+02 6.623049378395080566e-01
1.144805786132812500e+03 7.575243530273437500e+02 9.424636077880859375e+01 3.370918273925781250e+02 1.760675354003906250e+02
1.154121704101562500e+03 8.445088500976562500e+02 1.125481414794921875e+02 3.321553344726562500e+02 1.732348632812500000e+02
1.130227783203125000e+03 8.044869995117187500e+02 1.102015151977539062e+02 2.819088439941406250e+02 2.233921051025390625e+01
1.158201660156250000e+03 8.032502441406250000e+02 1.099906921386718750e+02 3.282560119628906250e+02 3.525513648986816406e+00
1.147795532226562500e+03 8.182866210937500000e+02 8.676213836669921875e+01 3.451383361816406250e+02 2.585998296737670898e+00
1.136507812500000000e+03 8.934595336914062500e+02 9.521698760986328125e+01 2.559579467773437500e+02 1.103823280334472656e+01
1.133595703125000000e+03 8.006810913085937500e+02 9.706413269042968750e+01 3.040832824707031250e+02 1.547494220733642578e+01
1.146099975585937500e+03 8.034150390625000000e+02 9.712313079833984375e+01 3.220134582519531250e+02 7.189727425575256348e-01
1.139764404296875000e+03 8.046988525390625000e+02 8.887717437744140625e+01 2.982027893066406250e+02 1.317076110839843750e+01
1.135685913085937500e+03 8.040388793945312500e+02 1.063935089111328125e+02 3.475266418457031250e+02 1.019307136535644531e+01
1.139683349609375000e+03 8.693469238281250000e+02 1.023915328979492188e+02 3.168503723144531250e+02 2.075590324401855469e+01
1.149540527343750000e+03 8.108950195312500000e+02 9.658007049560546875e+01 3.803667297363281250e+02 7.596552371978759766e+00
1.144515869140625000e+03 8.370782470703125000e+02 9.501898956298828125e+01 2.704991760253906250e+02 4.453951835632324219e+00
1.150493286132812500e+03 8.037809448242187500e+02 8.962130737304687500e+01 3.319332275390625000e+02 5.584416866302490234e+00
1.150257812500000000e+03 8.174025878906250000e+02 8.653851318359375000e+01 3.006221008300781250e+02 3.102872133255004883e+00
1.149056762695312500e+03 8.121981201171875000e+02 8.772610473632812500e+01 3.288822326660156250e+02 1.814564943313598633e+00
1.135166381835937500e+03 8.053811035156250000e+02 9.852778625488281250e+01 2.881535034179687500e+02 1.014732742309570312e+01
1.146669067382812500e+03 7.730405883789062500e+02 8.913601684570312500e+01 3.567290954589843750e+02 1.321625900268554688e+01
1.143359130859375000e+03 8.195712280273437500e+02 1.008599929809570312e+02 3.219639587402343750e+02 4.853147506713867188e+00
1.131765991210937500e+03 8.036181030273437500e+02 8.182814025878906250e+01 3.291499328613281250e+02 1.109330368041992188e+01
1.144550292968750000e+03 8.211220703125000000e+02 9.073470306396484375e+01 2.797950744628906250e+02 1.795765380859375000e+02
1.140452270507812500e+03 8.078677978515625000e+02 1.034872741699218750e+02 3.550536804199218750e+02 4.085977554321289062e+00
1.142963989257812500e+03 8.059201660156250000e+02 1.014010543823242188e+02 3.213127136230468750e+02 6.559167504310607910e-01
1.135670898437500000e+03 8.060183715820312500e+02 8.406676483154296875e+01 3.319393615722656250e+02 1.357557487487792969e+01
1.138339721679687500e+03 8.306722412109375000e+02 1.085103988647460938e+02 3.348055114746093750e+02 8.590475082397460938e+00
1.142281616210937500e+03 8.078314208984375000e+02 8.042305755615234375e+01 3.721205749511718750e+02 2.962403059005737305e+00
1.146692749023437500e+03 8.166289062500000000e+02 9.948807525634765625e+01 3.186185913085937500e+02 2.741435289382934570e+00
1.143661376953125000e+03 8.268914184570312500e+02 9.934307861328125000e+01 3.052913818359375000e+02 2.685853958129882812e+00
1.139957641601562500e+03 8.187084350585937500e+02 9.428409576416015625e+01 3.314039611816406250e+02 2.415683746337890625e+00
1.145420776367187500e+03 8.223541259765625000e+02 1.196982116699218750e+02 3.105865783691406250e+02 7.951163291931152344e+00
1.143786499023437500e+03 8.073992309570312500e+02 8.774115753173828125e+01 3.401169433593750000e+02 5.207872390747070312e+00
1.142018920898437500e+03 8.181700439453125000e+02 8.794884490966796875e+01 3.156119384765625000e+02 3.620839834213256836e+00
1.145389648437500000e+03 8.184838867187500000e+02 9.975180816650390625e+01 3.381555786132812500e+02 7.537877559661865234e+00
1.145726562500000000e+03 8.287119140625000000e+02 8.803983306884765625e+01 3.144503479003906250e+02 1.754121246337890625e+02
1.148817138671875000e+03 8.071149902343750000e+02 8.750207519531250000e+01 3.507404785156250000e+02 5.631739139556884766e+00
1.146838623046875000e+03 8.166824340820312500e+02 1.000667419433593750e+02 3.158633117675781250e+02 5.749610900878906250e+00
1.143661743164062500e+03 8.464214477539062500e+02 8.646614837646484375e+01 2.965162963867187500e+02 1.722312622070312500e+02
1.146602661132812500e+03 7.998173828125000000e+02 8.819960021972656250e+01 2.867693176269531250e+02 5.304563045501708984e+00
1.134669433593750000e+03 8.108288574218750000e+02 1.034308700561523438e+02 3.431813354492187500e+02 9.389996528625488281e+00
1.146367797851562500e+03 8.253806152343750000e+02 9.102902984619140625e+01 3.294724731445312500e+02 3.833272457122802734e+00
1.138290039062500000e+03 8.224018554687500000e+02 1.071100540161132812e+02 3.270377502441406250e+02 3.962556362152099609e+00
1.142143920898437500e+03 8.220784912109375000e+02 1.083981094360351562e+02 3.450893859863281250e+02 7.103013992309570312e+00
1.142815307617187500e+03 7.845615234375000000e+02 1.018849563598632812e+02 2.695877685546875000e+02 8.406242728233337402e-01
1.151062744140625000e+03 8.166843261718750000e+02 1.032125320434570312e+02 2.960987548828125000e+02 6.919711589813232422e+00
1.157611450195312500e+03 8.053834228515625000e+02 1.076740417480468750e+02 3.314550476074218750e+02 5.429233551025390625e+00
1.140087280273437500e+03 8.436846313476562500e+02 1.055961914062500000e+02 3.032374267578125000e+02 1.430890274047851562e+01
1.143602172851562500e+03 8.102142333984375000e+02 1.048026580810546875e+02 3.352247314453125000e+02 1.795969696044921875e+02
1.138751098632812500e+03 7.975796508789062500e+02 9.514790344238281250e+01 3.266429138183593750e+02 7.062856197357177734e+00
1.148678466796875000e+03 8.612121582031250000e+02 9.964880371093750000e+01 3.309788818359375000e+02 1.748422546386718750e+02
1.145360229492187500e+03 8.126837768554687500e+02 9.275827789306640625e+01 3.288943786621093750e+02 3.179838418960571289e+00
1.152910644531250000e+03 8.066823120117187500e+02 1.026976318359375000e+02 2.740810241699218750e+02 1.725543060302734375e+02
1.139021118164062500e+03 8.169727172851562500e+02 1.001389236450195312e+02 3.369211425781250000e+02 1.132833576202392578e+01
1.146597412109375000e+03 8.134248046875000000e+02 9.353318786621093750e+01 3.475602111816406250e+02 5.285763263702392578e+00
1.145732055664062500e+03 8.088236083984375000e+02 9.487545776367187500e+01 3.191947937011718750e+02 1.611656665802001953e+00
1.134718994140625000e+03 7.977553710937500000e+02 1.015823211669921875e+02 3.141185302734375000e+02 1.117067337036132812e+01
1.138177612304687500e+03 8.424462890625000000e+02 9.693391418457031250e+01 3.371547851562500000e+02 2.519057750701904297e+00
1.146576904296875000e+03 8.163218383789062500e+02 1.182571868896484375e+02 3.019558410644531250e+02 1.043970966339111328e+01
1.145456909179687500e+03 8.130048217773437500e+02 9.246549987792968750e+01 3.547394104003906250e+02 6.223365783691406250e+00
1.154749511718750000e+03 7.755026855468750000e+02 7.207875823974609375e+01 3.379210205078125000e+02 1.787733764648437500e+02
1.143955444335937500e+03 8.120875854492187500e+02 8.887657928466796875e+01 3.329615173339843750e+02 2.659133911132812500e+00
1.141288085937500000e+03 8.095833740234375000e+02 1.058676986694335938e+02 3.204336547851562500e+02 1.299468135833740234e+01
1.134639282226562500e+03 8.343914184570312500e+02 1.180572586059570312e+02 3.118255310058593750e+02 6.496227741241455078e+00
1.133495849609375000e+03 8.427709960937500000e+02 1.106324920654296875e+02 2.908963012695312500e+02 3.805133819580078125e+00
1.147676513671875000e+03 8.039207763671875000e+02 8.741864776611328125e+01 3.203957519531250000e+02 1.806951880455017090e+00
1.149473510742187500e+03 7.476237792968750000e+02 7.036349487304687500e+01 3.375904541015625000e+02 1.286231803894042969e+01
1.141153320312500000e+03 8.279080810546875000e+02 9.190010070800781250e+01 3.697675476074218750e+02 1.774825897216796875e+02
1.142765502929687500e+03 7.924560546875000000e+02 9.989517211914062500e+01 3.334899597167968750e+02 1.790492553710937500e+02
1.142626098632812500e+03 8.125939941406250000e+02 1.025946502685546875e+02 3.194481506347656250e+02 3.658034801483154297e+00
1.146899536132812500e+03 8.212483520507812500e+02 9.452225494384765625e+01 3.070549316406250000e+02 3.245723009109497070e+00
1.150493530273437500e+03 8.022788085937500000e+02 8.880445098876953125e+01 3.546247253417968750e+02 6.080495357513427734e+00
1.148373779296875000e+03 8.121776123046875000e+02 8.119702148437500000e+01 3.555507202148437500e+02 4.348787307739257812e+00
1.146988037109375000e+03 8.173624267578125000e+02 8.368888854980468750e+01 3.104382629394531250e+02 1.560970067977905273e+00
1.148814086914062500e+03 8.150136718750000000e+02 8.748012542724609375e+01 3.265967407226562500e+02 2.827753543853759766e+00
1.142337646484375000e+03 8.049207763671875000e+02 1.066109161376953125e+02 3.074534606933593750e+02 1.606463241577148438e+01
1.143816040039062500e+03 8.112437744140625000e+02 9.576483154296875000e+01 2.936262817382812500e+02 2.141011953353881836e+00
1.148161254882812500e+03 8.298228759765625000e+02 8.416424560546875000e+01 3.337304077148437500e+02 4.794088363647460938e+00
1.151599609375000000e+03 8.146544189453125000e+02 8.419704437255859375e+01 3.314875793457031250e+02 1.195938348770141602e+00
1.141639404296875000e+03 8.063321533203125000e+02 9.622436523437500000e+01 3.243211364746093750e+02 1.218991756439208984e+00
